The execution time per data point is: [8.796039819717407, 0.004116535186767578, 0.0037508010864257812, 0.003592967987060547, 0.003504037857055664, 0.003559589385986328, 0.0035331249237060547, 0.0033483505249023438, 0.003439188003540039, 0.003335237503051758, 0.0033609867095947266, 0.0033376216888427734, 0.0032961368560791016, 0.0032758712768554688, 0.0031998157501220703, 0.0033593177795410156, 0.0033996105194091797, 0.0032749176025390625, 0.0034494400024414062, 0.0032706260681152344, 0.0032536983489990234, 0.003358602523803711, 0.0033714771270751953, 0.0032224655151367188, 0.0032052993774414062, 0.0033855438232421875, 0.0033609867095947266, 0.0032036304473876953, 0.003265857696533203, 0.0033311843872070312, 0.0033025741577148438, 0.0031757354736328125, 0.0033731460571289062, 0.0032198429107666016, 0.0033233165740966797, 0.0032339096069335938, 0.003268003463745117, 0.003231525421142578, 0.0033059120178222656, 0.0031452178955078125, 0.0033736228942871094, 0.0032949447631835938, 0.0032927989959716797, 0.0033178329467773438, 0.0031714439392089844, 0.003183126449584961, 0.0031805038452148438, 0.0032279491424560547, 0.003322601318359375, 0.003206014633178711, 0.004921913146972656, 0.0033397674560546875, 0.0033216476440429688, 0.0032105445861816406, 0.003589153289794922, 0.0033483505249023438, 0.003294706344604492, 0.0033419132232666016, 0.003240823745727539, 0.003247976303100586, 0.0032143592834472656, 0.0032927989959716797, 0.003259897232055664, 0.0031316280364990234, 0.003276348114013672, 0.0032432079315185547, 0.0032491683959960938, 0.003130674362182617, 0.0035588741302490234, 0.0032806396484375, 0.0034608840942382812, 0.0031173229217529297, 0.0032744407653808594, 0.0033469200134277344, 0.0031998157501220703, 0.0031604766845703125, 0.003195047378540039, 0.003318309783935547, 0.0033028125762939453, 0.0032846927642822266, 0.0031778812408447266, 0.003190755844116211, 0.003251791000366211, 0.0032143592834472656, 0.0032510757446289062, 0.003230571746826172, 0.0032379627227783203, 0.0033714771270751953, 0.0032579898834228516, 0.0032885074615478516, 0.003322601318359375, 0.0032677650451660156, 0.003633260726928711, 0.0033838748931884766, 0.003609895706176758, 0.0033147335052490234, 0.003409862518310547, 0.0032520294189453125, 0.003477811813354492, 0.003348827362060547, 0.004987239837646484, 0.00348663330078125, 0.0034439563751220703, 0.0033807754516601562, 0.0033075809478759766, 0.0034024715423583984, 0.0034279823303222656, 0.0033416748046875, 0.0034494400024414062, 0.0032961368560791016, 0.0032515525817871094, 0.003203868865966797, 0.003331422805786133, 0.003321409225463867, 0.0034155845642089844, 0.003373384475708008, 0.0033838748931884766, 0.0033254623413085938, 0.003267526626586914, 0.0033385753631591797, 0.003299713134765625, 0.0033254623413085938, 0.0033125877380371094, 0.0033164024353027344, 0.0033059120178222656, 0.0033140182495117188, 0.0033333301544189453, 0.003366231918334961, 0.0032825469970703125, 0.003361225128173828, 0.00330352783203125, 0.0033893585205078125, 0.0034160614013671875, 0.0034699440002441406, 0.0033485889434814453, 0.003350496292114258, 0.0032732486724853516, 0.0033524036407470703, 0.003429412841796875, 0.0033638477325439453, 0.0034754276275634766, 0.003289461135864258, 0.0035250186920166016, 0.0034198760986328125, 0.0033659934997558594, 0.0034112930297851562, 0.00333404541015625, 0.0033011436462402344, 0.0032913684844970703, 0.003339052200317383, 0.006398916244506836, 0.003489971160888672, 0.0032439231872558594, 0.0033867359161376953, 0.0032820701599121094, 0.0032584667205810547, 0.003368854522705078, 0.003348112106323242, 0.0034761428833007812, 0.0032753944396972656, 0.0033483505249023438, 0.0035085678100585938, 0.0034999847412109375, 0.0033228397369384766, 0.003342866897583008, 0.003378629684448242, 0.0033376216888427734, 0.0033054351806640625, 0.003278970718383789, 0.0032927989959716797, 0.0032138824462890625, 0.0036764144897460938, 0.003216266632080078, 0.0034384727478027344, 0.003296375274658203, 0.0033228397369384766, 0.0032775402069091797, 0.00333404541015625, 0.0032761096954345703, 0.003152608871459961, 0.003320932388305664, 0.0033409595489501953, 0.0032961368560791016, 0.0033621788024902344, 0.0032062530517578125, 0.0032308101654052734, 0.003348112106323242, 0.003322601318359375, 0.0034263134002685547, 0.0031194686889648438, 0.0032587051391601562, 0.003299713134765625, 0.003258943557739258, 0.003272533416748047, 0.0032405853271484375, 0.003255605697631836, 0.0032961368560791016, 0.0032851696014404297, 0.003319263458251953, 0.0032253265380859375, 0.004641532897949219, 0.0032150745391845703, 0.003233194351196289, 0.0032494068145751953, 0.0033054351806640625, 0.003294706344604492, 0.0033752918243408203, 0.003286123275756836, 0.0032684803009033203, 0.003252267837524414, 0.0032951831817626953, 0.00331878662109375, 0.0033037662506103516, 0.0032575130462646484, 0.003308534622192383, 0.003319978713989258, 0.003284931182861328, 0.0033369064331054688, 0.0032813549041748047, 0.003585338592529297, 0.003360271453857422, 0.003429412841796875, 0.0033490657806396484, 0.003428220748901367, 0.0032939910888671875, 0.0033960342407226562, 0.0033388137817382812, 0.003478527069091797, 0.00337982177734375, 0.0033762454986572266, 0.003276348114013672, 0.003278017044067383, 0.0033197402954101562, 0.0032706260681152344, 0.003335237503051758, 0.0033142566680908203, 0.0032663345336914062, 0.0032720565795898438, 0.0033538341522216797, 0.0032532215118408203, 0.003293275833129883, 0.003351926803588867, 0.003253936767578125, 0.003347635269165039, 0.003286600112915039, 0.0034050941467285156, 0.0034406185150146484, 0.0033416748046875, 0.0033288002014160156, 0.0032758712768554688]
The values of particle number are taken from [1000, 2000, 300, 4000, 5000, 6000, 7000, 8000]
The corresponding execution time is [160.0518262386322, 197.23208045959473, 289.5097014904022, 376.33932733535767, 457.81487679481506]
RMSE (x): [array(34.03759437), array(34.03477807), array(34.04155998), array(34.03450482), array(34.03715373)]
RMSE (y): [array(42.95634436), array(42.95346827), array(42.95810933), array(42.9568862), array(42.95550351)]
Latitude gps is: [32.70842 32.71413 32.72064 32.7284  32.73552 32.74209 32.74739 32.75359
 32.76032 32.76611 32.77033 32.77316 32.77605 32.78112 32.78848 32.79666
 32.80625 32.81374 32.8184  32.82176 32.82518 32.82976 32.83446 32.83986
 32.84644 32.85279 32.85744 32.86296 32.8702  32.877   32.8812  32.88114
 32.88008 32.87858 32.87538 32.8734  32.87384 32.87587 32.87739 32.87708
 32.87548 32.87412 32.87447 32.87718 32.88278 32.88974 32.89793 32.90504
 32.91097 32.91604 32.9221 ]
Longitude gps is: [66.93129 66.93129 66.9313  66.9313  66.9313  66.9313  66.9313  66.9313
 66.93131 66.93131 66.93131 66.93132 66.93132 66.93132 66.93132 66.93133
 66.93133 66.93134 66.93134 66.93134 66.93134 66.93134 66.93134 66.93135
 66.93135 66.93135 66.93136 66.93136 66.93137 66.93137 66.93137 66.93137
 66.93137 66.93138 66.93138 66.93139 66.93139 66.93139 66.9314  66.9314
 66.9314  66.9314  66.9314  66.93141 66.93141 66.93142 66.93142 66.93142
 66.93143 66.93143 66.93143]
Predicted Latitude is: [63.86323899 65.54295939 66.16044676 66.49869082 66.68354868 66.79827807
 66.87090209 66.91724601 66.94691796 66.96594153 66.97319462 66.99940816
 66.99962019 67.00793838 67.01313791 67.00843115 67.00614424 67.00394302
 66.9934714  66.99581032 66.97041243 66.98797688 66.99228426 67.00590077
 67.01136984 66.99897284 66.99934083 66.99957698 66.99972853 66.99982579
 66.9998882  66.99992825 67.00372376 67.00238969 67.00153357 67.00098416
 67.00063157 66.99729423 66.99826359 66.99888567 66.99928489 67.00715853
 66.99812886 66.99879921 66.9992294  66.99950548 66.98918177 66.99305749
 66.99554469 66.99714084]
Predicted Longitude is: [22.91939855 23.51367415 23.7321377  23.84339128 23.91189608 23.9544126
 23.98132568 23.99849985 24.00949571 24.01654548 24.02944906 24.01606375
 24.02075817 24.04089123 24.02730137 24.02488469 24.0345784  24.02955467
 24.01766434 24.0187002  24.003471   24.0218114  24.02136154 24.02467742
 24.0249617  24.02068654 24.02063967 24.0206096  24.0205903  24.02057791
 24.02056996 24.02056486 24.03102325 24.02727318 24.0248666  24.02332219
 24.02233108 24.02872905 24.02580089 24.02392177 24.02271586 24.02646736
 24.02974306 24.02645163 24.02433937 24.02298385 24.0148571  24.01689867
 24.01820884 24.01904963]
