The execution time per data point is: [0.09295153617858887, 0.0635836124420166, 0.06374788284301758, 0.06415963172912598, 0.06411480903625488, 0.06408810615539551, 0.06413125991821289, 0.06473374366760254, 0.06558418273925781, 0.06564831733703613, 0.06438946723937988, 0.06483030319213867, 0.06521272659301758, 0.0659482479095459, 0.06369805335998535, 0.06450724601745605, 0.06380677223205566, 0.06534790992736816, 0.06476664543151855, 0.06393170356750488, 0.06451034545898438, 0.06382179260253906, 0.06361103057861328, 0.06385350227355957, 0.0644228458404541, 0.06393551826477051, 0.06397461891174316, 0.06399226188659668, 0.06373882293701172, 0.06290125846862793, 0.06332921981811523, 0.06411361694335938, 0.06354784965515137, 0.0644831657409668, 0.06340909004211426, 0.06429004669189453, 0.0639350414276123, 0.06342554092407227, 0.06393980979919434, 0.06347894668579102, 0.06393766403198242, 0.06470489501953125, 0.06460309028625488, 0.0650181770324707, 0.06503796577453613, 0.06384682655334473, 0.06370139122009277, 0.06344366073608398, 0.06331562995910645, 0.06392765045166016, 0.13883256912231445, 0.13542842864990234, 0.12815117835998535, 0.12816214561462402, 0.1270003318786621, 0.13018226623535156, 0.12825441360473633, 0.1385188102722168, 0.1289067268371582, 0.13186979293823242, 0.1277611255645752, 0.12704205513000488, 0.13152408599853516, 0.1311037540435791, 0.1268930435180664, 0.12729334831237793, 0.12739920616149902, 0.1304612159729004, 0.13132095336914062, 0.12800908088684082, 0.12731504440307617, 0.13648748397827148, 0.12732911109924316, 0.12655186653137207, 0.13031530380249023, 0.14444327354431152, 0.13446450233459473, 0.12831807136535645, 0.13496017456054688, 0.12815260887145996, 0.13822126388549805, 0.13293051719665527, 0.1270613670349121, 0.1279773712158203, 0.1264941692352295, 0.12683820724487305, 0.13348031044006348, 0.12711405754089355, 0.12553143501281738, 0.12748169898986816, 0.126450777053833, 0.12639784812927246, 0.12624883651733398, 0.12671470642089844, 0.14420509338378906, 0.13433241844177246, 0.1279296875, 0.12746644020080566, 0.13678550720214844, 0.12913155555725098, 0.19989562034606934, 0.1900043487548828, 0.19741129875183105, 0.1898961067199707, 0.19023919105529785, 0.21213626861572266, 0.19011616706848145, 0.19220423698425293, 0.18923258781433105, 0.1907334327697754, 0.19342660903930664, 0.1888284683227539, 0.19040679931640625, 0.19063639640808105, 0.1896524429321289, 0.1906282901763916, 0.18935775756835938, 0.1912674903869629, 0.1899566650390625, 0.1896822452545166, 0.1891334056854248, 0.19000840187072754, 0.1903066635131836, 0.18999886512756348, 0.19118237495422363, 0.18986082077026367, 0.18897795677185059, 0.1913437843322754, 0.18915343284606934, 0.18884062767028809, 0.18944549560546875, 0.18946218490600586, 0.19205999374389648, 0.1895914077758789, 0.19019222259521484, 0.18838810920715332, 0.19015192985534668, 0.18888354301452637, 0.19088244438171387, 0.1885361671447754, 0.19123315811157227, 0.19197559356689453, 0.1908252239227295, 0.19086861610412598, 0.19223594665527344, 0.1885676383972168, 0.18920469284057617, 0.19514703750610352, 0.18860602378845215, 0.18861603736877441, 0.000713348388671875, 0.0007398128509521484, 0.0007374286651611328, 0.0006749629974365234, 0.0007276535034179688, 0.0007176399230957031, 0.0006034374237060547, 0.0005671977996826172, 0.0005908012390136719, 0.0005948543548583984, 0.0006911754608154297, 0.0007410049438476562, 0.0006010532379150391, 0.0006704330444335938, 0.0007467269897460938, 0.0005643367767333984, 0.0006632804870605469, 0.0007240772247314453, 0.0006706714630126953, 0.00074005126953125, 0.000705718994140625, 0.0006530284881591797, 0.0007410049438476562, 0.0005731582641601562, 0.0005714893341064453, 0.0006690025329589844, 0.0006918907165527344, 0.0007412433624267578, 0.0006775856018066406, 0.0006363391876220703, 0.0005786418914794922, 0.0006415843963623047, 0.0006778240203857422, 0.0005655288696289062, 0.0006167888641357422, 0.0007123947143554688, 0.0007450580596923828, 0.0005567073822021484, 0.0005495548248291016, 0.0007157325744628906, 0.0005662441253662109, 0.0005824565887451172, 0.0007069110870361328, 0.0005593299865722656, 0.0007455348968505859, 0.0007510185241699219, 0.0006053447723388672, 0.0006625652313232422, 0.0005700588226318359, 0.0005981922149658203, 0.3147597312927246, 0.31356024742126465, 0.31270503997802734, 0.31227898597717285, 0.31255102157592773, 0.3135533332824707, 0.3138139247894287, 0.3148970603942871, 0.31473231315612793, 0.31693267822265625, 0.31754446029663086, 0.3159058094024658, 0.3173563480377197, 0.3150510787963867, 0.3374812602996826, 0.27827906608581543, 0.28098154067993164, 0.27987194061279297, 0.2779417037963867, 0.27968740463256836, 0.27946925163269043, 0.2796318531036377, 0.2804553508758545, 0.2802119255065918, 0.28069257736206055, 0.28075289726257324, 0.28333330154418945, 0.28129029273986816, 0.2829399108886719, 0.2825591564178467, 0.2797060012817383, 0.27670979499816895, 0.2769463062286377, 0.27718043327331543, 0.27799367904663086, 0.27740478515625, 0.2782707214355469, 0.27779221534729004, 0.2767975330352783, 0.2801527976989746, 0.2799367904663086, 0.27878260612487793, 0.27840161323547363, 0.27756476402282715, 0.2774341106414795, 0.278517484664917, 0.27797460556030273, 0.2779653072357178, 0.27706074714660645, 0.2785322666168213]
The values of particle number are taken from [1000, 2000, 3000, 4000, 5000, 6000, 7000, 8000]
The corresponding execution time is [26.94290590286255, 46.99434757232666, 65.65407466888428, 73.33263754844666, 95.55100011825562]
RMSE (x): [array(0.06818082), array(0.0679284), array(0.06877679), array(0.06880602), array(0.06872292)]
RMSE (y): [array(0.85737023), array(0.85737044), array(0.85736972), array(0.85736968), array(0.85736976)]
Latitude gps is: [66.93129 66.93129 66.9313  66.9313  66.9313  66.9313  66.9313  66.9313
 66.93131 66.93131 66.93131 66.93132 66.93132 66.93132 66.93132 66.93133
 66.93133 66.93134 66.93134 66.93134 66.93134 66.93134 66.93134 66.93135
 66.93135 66.93135 66.93136 66.93136 66.93137 66.93137 66.93137 66.93137
 66.93137 66.93138 66.93138 66.93139 66.93139 66.93139 66.9314  66.9314
 66.9314  66.9314  66.9314  66.93141 66.93141 66.93142 66.93142 66.93142
 66.93143 66.93143 66.93143]
Longitude gps is: [24.88042 24.88042 24.88042 24.88042 24.88043 24.88043 24.88043 24.88044
 24.88044 24.88044 24.88045 24.88045 24.88045 24.88046 24.88046 24.88046
 24.88046 24.88047 24.88047 24.88047 24.88048 24.88048 24.88049 24.88049
 24.88049 24.8805  24.8805  24.8805  24.88051 24.88051 24.88052 24.88052
 24.88053 24.88053 24.88053 24.88054 24.88054 24.88055 24.88055 24.88055
 24.88056 24.88056 24.88057 24.88057 24.88058 24.88058 24.88058 24.88059
 24.88059 24.8806  24.8806 ]
Predicted Latitude is: [66.99817681 66.99999993 67.         67.00617343 67.00000039 67.
 67.         67.         67.         67.         67.00213812 66.99592725
 66.99999994 66.99919888 67.00084736 67.00043067 66.99980588 66.99999988
 67.00674887 67.00000019 67.00219941 67.00167091 66.9999998  66.99297909
 66.99683926 66.99919536 66.99999983 67.         67.         67.
 67.         67.         66.99631194 66.99999956 67.         67.
 67.         67.00606882 67.00000042 67.         67.         66.99833673
 67.00246173 67.00000018 67.         67.         66.99660559 67.0000001
 67.         67.        ]
Predicted Longitude is: [24.02916544 24.0291669  24.0291669  24.02917184 24.0291669  24.0291669
 24.0291669  24.0291669  24.0291669  24.0291669  24.02916861 24.02916364
 24.0291669  24.02916626 24.02916758 24.02055606 24.02055556 24.02055572
 24.02056112 24.02055572 24.02055748 24.02055706 24.02055572 24.0205501
 24.02055319 24.02055508 24.02055572 24.02055572 24.02055572 24.02055572
 24.02055572 24.02055572 24.02055277 24.02055572 24.02055572 24.02055572
 24.02055572 24.02056058 24.02055572 24.02055572 24.02055572 24.02055439
 24.02055769 24.02055572 24.02055572 24.02055572 24.020553   24.02055572
 24.02055572 24.02055572]
